G#,G,F#,F,E,D#,D,C#,C,B,A#,A,Cluster
0.007603669,0.00658462,0.445637689,0.021556792,0.038567061,0.015364114,0.240808968,0.002116485,0.00282198,0.037861566,0.180214784,0.000862272,3.0
0.019396317,0.00904435,0.364825106,0.011550616000000001,0.022338455,0.004903563,0.347172279,0.00337801,0.013294105,0.038792634,0.145363409,0.019941157,2.0
0.030015065,0.017846796,0.262371074,0.059334801,0.041372117,0.072314289,0.31463669,0.014370147,0.035461815,0.030246842000000003,0.11588828400000001,0.006142079,2.0
0.035674357000000004,0.0031507270000000003,0.336111393,0.005589999,0.011789816000000002,0.021750178,0.310194125,0.0009147269999999999,0.000304909,0.010875089,0.263238134,0.000406545,2.0
0.023368543,0.017942411000000002,0.221892635,0.0760382,0.059832152,0.060627984,0.407611055,0.002098104,0.020619303000000002,0.039140501,0.06402836099999999,0.006800751999999999,0.0
0.040145985,0.010439654,0.327024274,0.042522492,0.22313698899999998,0.010948905,0.237396028,0.004668138,0.012901035,0.017059921999999998,0.062553047,0.011203531000000001,2.0
0.018471485,0.0268991,0.319094897,0.052874625,0.05449088,0.061879474000000004,0.383283306,0.011313783999999999,0.015238975,0.014546294,0.038443777,0.003463403,2.0
0.038606048999999996,0.00018786400000000002,0.372064625,0.022825474,0.045557017000000005,0.000563592,0.1658839,0.0,0.010896111000000002,0.094401653,0.243847454,0.00516626,1.0
0.056417058,0.029891859,0.141603754,0.01183432,0.129055295,0.022750459,0.414201183,0.00020404,0.027239338999999998,0.0096919,0.150989594,0.006121199999999999,0.0
0.038986761,0.021578233999999998,0.16991556300000002,0.098717815,0.10570207400000001,0.055769832000000005,0.21442718600000002,0.017095799,0.067966225,0.10194933800000001,0.087355363,0.020535807,1.0
0.024694056000000002,0.019995628999999997,0.134069056,0.089707168,0.108937937,0.077141608,0.266936189,0.030703671000000002,0.030375874,0.029501747999999998,0.117460664,0.07047639900000001,1.0
0.017233126,0.008496888000000001,0.361656295,0.017711823999999998,0.028482527999999997,0.009932982,0.165390139,0.004667305,0.002991862,0.06163236,0.29188607,0.029918621,1.0
0.064473817,0.018565231,0.448996065,0.031984663999999996,0.091817173,0.017051761000000002,0.133286248,0.014731107,0.013722126999999999,0.056099284000000006,0.10513570800000001,0.004136818,3.0
0.033330842,0.0035871759999999996,0.173155967,0.015544428999999998,0.126896346,0.012181451000000001,0.20200284,0.006651221999999999,0.015469696000000002,0.04356924,0.314027352,0.053583439000000004,1.0
0.06996044400000001,0.010393237,0.203443729,0.029007988999999998,0.180485535,0.041572947,0.176142093,0.0038780729999999997,0.024586985,0.037694873,0.176840146,0.04599395,1.0
0.024646226,0.020754717,0.2,0.051886792,0.17004717,0.037146226,0.136910377,0.001179245,0.015566038,0.015801887,0.317334906,0.008726415,1.0
0.031939605,0.005097432,0.38353335899999996,0.029487676,0.065492322,0.0021938310000000003,0.288037166,0.000258098,0.002516454,0.009549619,0.17208672100000003,0.009807716999999999,2.0
0.018022128000000002,0.023725334,0.152275579,0.008212615,0.058514885,0.049161629000000005,0.54556861,0.010722026,0.031139499999999997,0.002623474,0.099235771,0.0007984489999999999,0.0
0.014577258999999999,0.002267574,0.1654249,0.011013928999999999,0.027534822999999996,0.023107656,0.6760609009999999,0.002267574,0.031098154,0.004103229,0.02159594,0.020948062,0.0
0.021974589,0.006456988,0.16923557600000003,0.09352218300000001,0.077588002,0.033638825,0.286294522,0.024890647999999998,0.017704645,0.130806082,0.131430952,0.006456988,1.0
0.019147083999999998,0.0039648,0.325790543,0.017986655,0.018760275,0.052025916,0.47123102200000005,0.003481288,0.007252683,0.004835122,0.069238952,0.006285659,0.0
0.087459509,0.015733457,0.307882153,0.031158414,0.054141601,0.015270708000000001,0.13789912099999999,0.042572883,0.017584452,0.06185408,0.13373438199999998,0.09470924,1.0
0.008424787,0.00498836,0.325241104,0.028821637999999997,0.035805342999999996,0.00498836,0.420574216,0.002217049,0.011417803,0.068950227,0.08668662,0.0018844920000000002,2.0
0.050915210999999995,0.0005259840000000001,0.5119924260000001,0.009993688,0.048285293,0.005785819,0.217862403,0.001998738,0.015358721,0.044813802,0.09004839,0.002419525,3.0
0.051119967,0.042325134,0.107874124,0.064174797,0.108423801,0.169987632,0.091383812,0.004672255,0.04301223,0.137831524,0.164353442,0.014841281000000001,1.0
0.070604754,0.007220941,0.259853575,0.042623608,0.071407081,0.045933206,0.42041921600000004,0.000100291,0.015143917,0.01905526,0.020459332,0.027178819,0.0
0.022710775,0.015244219,0.223685575,0.034843927999999996,0.11303536199999999,0.068961941,0.22596702300000002,0.002074043,0.005599916999999999,0.023644093999999997,0.26174427,0.002488852,1.0
0.051481214000000004,0.010296243,0.384934971,0.040281792000000004,0.222001445,0.048410405,0.124819364,0.005057803,0.018966763,0.058526012,0.025289017,0.009934970999999999,3.0
0.030917873999999998,0.01468599,0.122415459,0.025507246,0.034299517,0.017777778,0.553236715,0.006183575,0.021545894,0.015555556000000002,0.13468599,0.023188406,0.0
0.024103469,0.028336273,0.315931805,0.0223398,0.05396825400000001,0.034450323,0.309347443,0.00023515599999999998,0.014697237,0.08712522,0.099118166,0.010346855,2.0
0.016858515,0.04305266,0.517175745,0.023475028999999998,0.020302728,0.015045771999999999,0.179461615,0.005528868,0.042236925999999994,0.038158252999999996,0.08737424099999999,0.011329647,3.0
0.012531328000000001,0.001714813,0.17200897,0.008837884,0.048146682,0.010816515,0.519984171,0.001582905,0.005935892,0.017148133,0.19628017399999997,0.005012531,0.0
0.03925113,0.00232408,0.35919948399999996,0.019109103,0.142285345,0.025952227,0.311426727,0.0021949639999999998,0.008005165,0.012136862,0.074499677,0.003615236,2.0
0.03101425,0.012932583000000001,0.48006226799999996,0.021434559,0.036522572,0.016165729,0.245359837,0.014609028999999999,0.034007903,0.042390132999999997,0.048616932,0.016884205,3.0
0.013701431000000002,0.002351738,0.25991820000000004,0.11134969300000001,0.138139059,0.123108384,0.168302658,0.0038854809999999997,0.029141103999999998,0.053067485,0.09192229,0.0051124740000000005,1.0
0.00871411,0.011953972,0.272930399,0.012959446000000001,0.012512568,0.016981343,0.476818233,0.002234387,0.012847727,0.006144565,0.16322198599999999,0.002681265,0.0
0.00038354599999999996,0.000671205,0.543772174,0.000958865,0.020615591000000003,0.0,0.0036436859999999997,0.39802473899999996,0.00019177299999999998,0.0,0.0,0.031738422,3.0
0.024576689,0.000410981,0.12715765199999998,0.019316127,0.133322374,0.046851882000000004,0.295824429,0.000575374,0.007315469000000001,0.11145816199999999,0.229574223,0.0036166370000000002,1.0
0.027384098,0.004564016,0.328128753,0.018856593999999997,0.028705261,0.0036031709999999996,0.39394667299999997,0.0,0.00084074,0.029065577999999998,0.162743214,0.0021619020000000003,2.0
0.034300792000000004,0.004983876,0.34667253,0.006449720999999999,0.034593961,0.007475814,0.271181472,0.016710642,0.009821166999999999,0.014511873,0.250513046,0.002785107,2.0
0.053940774000000004,0.007653759,0.31216400899999996,0.10605922599999999,0.17640091100000002,0.04656036400000001,0.159817768,0.014487472,0.023872437000000003,0.028063781,0.069066059,0.00191344,1.0
0.032815965,0.001219512,0.17073170699999998,0.051884701,0.039578714,0.070509978,0.385809313,0.001995565,0.023059867,0.028159645,0.18769401300000002,0.00654102,0.0
0.045786062,0.01428282,0.12530389,0.035757699,0.16339141,0.02856564,0.334177472,0.005166126,0.028160453999999998,0.076884117,0.08995137800000001,0.052572934,0.0
0.078795812,0.014834206,0.24432809800000002,0.034380454,0.04982548,0.012041885,0.137085515,0.010994763999999999,0.016492147,0.07478185,0.319197208,0.007242583,1.0
0.17170300800000002,0.012129286000000001,0.050059595,0.027764145,0.040734768,0.037229194,0.21832714,0.00616981,0.03274206,0.17562925100000001,0.212507888,0.015003856000000001,1.0
0.036726128,0.001180483,0.24895068199999998,0.022691501,0.034758657000000005,0.138903463,0.34378279100000003,0.009050367,0.0613851,0.040267576,0.046694648,0.015608604,0.0
0.066291872,0.017685641000000002,0.130592645,0.049308972,0.17392832,0.052588428,0.304403842,0.004919185,0.028578121,0.06113844,0.090770672,0.019793863000000002,0.0
0.082110647,0.026383093,0.232198142,0.004845874,0.019114282,0.008614888000000001,0.426436936,0.0008076460000000001,0.023825548999999998,0.07861084900000001,0.075245659,0.021806434,0.0
0.024434389,0.008484163000000001,0.27352941199999997,0.011538462,0.040271493,0.016063348,0.39728506799999996,0.005882353000000001,0.009728506999999999,0.025791855,0.175452489,0.011538462,0.0
0.013730646,0.00038952199999999995,0.420780991,0.009445905,0.023858214,0.013341124,0.280845262,0.004966404000000001,0.005940208000000001,0.018210147,0.207615152,0.0008764239999999999,2.0
0.00811138,0.0018159810000000001,0.37966101700000005,0.004358354,0.11355932199999999,0.0,0.000847458,0.296973366,0.0,0.001452785,0.015738499,0.17748184,3.0
0.050342537,0.01951422,0.31741748,0.031347312,0.045567780999999995,0.040377829,0.224205937,0.032696698999999996,0.031347312,0.017749637,0.171164625,0.018268632,1.0
0.008513425,0.007016559,0.44522406200000003,0.010758723999999999,0.019085041,0.008232763,0.26560015,0.000841987,0.001029095,0.022078773,0.209187015,0.002432407,2.0
0.045891142,0.022411953,0.271211313,0.020944504,0.046691569,0.12259871900000001,0.304562433,0.017475987,0.013874066000000001,0.049226254000000004,0.076040555,0.009071505,2.0
0.079538247,0.016744894,0.548902702,0.023848789,0.06710643200000001,0.05404034,0.032221236,0.014588355,0.0058353419999999994,0.036153749,0.110617785,0.010402131,3.0
0.046934061,0.013124738,0.11203275900000001,0.053653927000000004,0.17104157899999997,0.05449391,0.31856362899999996,0.003359933,0.037169257000000004,0.045884082,0.108252835,0.03548929,0.0
0.072412897,0.035101403999999996,0.170631825,0.061622465,0.044136765,0.10374415,0.271385855,0.007215289000000001,0.060582422999999996,0.077938118,0.08424337,0.010985439,1.0
0.034670292000000005,0.011896668999999999,0.217199184,0.006458192,0.15352368,0.007364605,0.33605257200000005,0.001699524,0.01053705,0.009290732,0.206208928,0.005098572,0.0
0.09898729199999999,0.041799047,0.23947577399999997,0.019658459,0.033061954,0.042891183,0.296167593,0.0019857029999999997,0.007247816,0.06513105599999999,0.128177125,0.025416998,0.0
0.044789401,0.011073758999999999,0.227901918,0.029365236,0.048447696,0.008700811,0.353074946,0.00276844,0.028771999,0.057741744000000005,0.173422978,0.013941071999999999,0.0
0.014531688999999999,0.019294175,0.17193796600000003,0.035413359,0.19343021100000002,0.006960556999999999,0.301013555,0.016607643999999998,0.022591281,0.110514104,0.08010746099999999,0.027597997000000003,1.0
0.017824496999999998,0.027536562999999997,0.166476234,0.055530165,0.032449726,0.02845064,0.364145338,0.0019424129999999998,0.016224863,0.04673217599999999,0.237774223,0.004913163,0.0
0.002263673,0.027707352,0.127218399,0.0067004709999999995,0.024990945,9.05e-05,0.6988409999999999,0.0009054689999999999,0.060938066,0.009779066,0.028431728,0.012133285,0.0
0.06597964099999999,0.016966193,0.155711952,0.041724267999999995,0.074399899,0.152570064,0.293955008,0.006032424000000001,0.044614805,0.048133719000000005,0.073520171,0.026391856,0.0
0.19972437199999998,0.0048764970000000005,0.144068695,0.050567158,0.12127637,0.030849147,0.085974769,0.002332238,0.0078448,0.117884024,0.22898335600000003,0.005618573000000001,1.0
0.034140738999999996,0.036124452,0.21330131600000002,0.10398830699999999,0.21789517600000002,0.065044895,0.100438505,0.007099603,0.032783462,0.028711631,0.132282314,0.028189601,1.0
0.026902281,0.009758671,0.36489516,0.027693525,0.039166557000000005,0.03257286,0.313596202,0.009494923,0.006066200999999999,0.051958328,0.103521034,0.014374258000000001,2.0
0.019865493999999997,0.001241593,0.436316606,0.01065701,0.07015002599999999,0.014899121000000001,0.24283497199999998,0.001345059,0.0038282459999999996,0.033729953,0.15851008800000002,0.006621831,2.0
0.031733376,0.005900175,0.426566736,0.011321958,0.027108913999999998,0.028703556,0.236325945,0.020251953,0.018497846999999998,0.023122309,0.158507415,0.011959815,2.0
0.02443262,0.0007601260000000001,0.334672603,0.002823325,0.032902595,0.003257683,0.49831686399999997,0.000108589,0.000868715,0.034205668,0.060701488,0.0069497230000000005,0.0
0.034961049,0.014725442,0.286528596,0.017765533,0.147159415,0.047976439,0.156849705,0.009690291,0.054151625,0.090157705,0.138514155,0.0015200460000000002,1.0
0.025832846,0.001168907,0.312215079,0.015780245,0.036820572999999995,0.077849211,0.317942724,0.002571596,0.035885447,0.03308007,0.126475745,0.014377557,2.0
0.100480891,0.07352569,0.44583649700000005,0.074411541,0.046064287999999995,0.03669957,0.08491521099999999,0.005821311,0.012022273,0.055049355,0.051252847000000004,0.013920526,3.0
0.034326425,0.01392487,0.315252591,0.006962435,0.01619171,0.020887306,0.5071243520000001,0.002590674,0.006962435,0.003724093,0.058775907,0.013277202,0.0
0.007520528,0.00015348,0.119868007,0.001918502,0.10191082800000001,0.015808456999999998,0.45422454100000004,0.0006906610000000001,0.002839383,0.006292687,0.288082265,0.0006906610000000001,0.0
0.06833713,0.038253083,0.437828922,0.022150656,0.029691305,0.027727593999999998,0.122614092,0.004712905999999999,0.015002749,0.033618726,0.18875186600000002,0.011310973,3.0
0.023367952999999997,0.017247774,0.37490727,0.08447700300000001,0.034959198999999996,0.07297848700000001,0.16403931800000002,0.010014837,0.044695846,0.07297848700000001,0.08837166199999999,0.011962166000000002,3.0
0.059591313,0.00759602,0.175671338,0.037659142,0.025355729,0.023964909,0.313576549,0.004814379000000001,0.028030384,0.041831604,0.278806034,0.0031026,0.0
0.021678892,0.028198859,0.408964955,0.015647921999999998,0.11931540300000001,0.031458843,0.251344743,0.000488998,0.001140994,0.024775876000000002,0.088834556,0.008149959,2.0
0.029736789,0.015772553999999998,0.6868595540000001,0.012055455,0.015069319,0.036970062000000005,0.08157524599999999,0.004018485,0.011251758,0.021297971000000002,0.061683745,0.023709062000000003,3.0
0.052421035,0.058338195,0.151262605,0.126927244,0.037753146,0.09450787599999999,0.304525377,0.010000833,0.000416701,0.069922494,0.077173098,0.016751396,0.0
0.072061601,0.012058695,0.181897428,0.053029202000000004,0.104750835,0.062182188,0.246404184,0.005230277,0.023972105,0.08600900800000001,0.133517362,0.018887113,1.0
0.026079572999999998,0.011402232,0.23010674399999997,0.016132945,0.035419699,0.015890344,0.330179525,0.012736536000000001,0.017467249,0.07872392,0.215914605,0.009946628,0.0
0.043528174,0.015402276999999999,0.26279537,0.046972161,0.041614847,0.035396537,0.309480532,0.011958288999999999,0.033483211,0.053668803,0.134315508,0.011384291999999999,2.0
0.069363013,0.052966312,0.237006857,0.069263639,0.09172215,0.013713603999999999,0.251316705,0.001888105,0.00705555,0.035873994,0.138229156,0.031600914,1.0
0.07776985,0.013250433,0.16318418099999998,0.051676689000000005,0.105901539,0.09968402800000001,0.258485374,0.01335236,0.036285802,0.028641321,0.140658445,0.011109978999999999,1.0
0.154603756,0.001603298,0.341502519,0.042143839,0.14280806199999999,0.054741182,0.184493816,0.00022904299999999998,0.0,0.018552451,0.058863949000000006,0.000458085,1.0
0.070604754,0.007220941,0.259853575,0.042623608,0.071407081,0.045933206,0.42041921600000004,0.000100291,0.015143917,0.01905526,0.020459332,0.027178819,0.0
0.05614452599999999,0.007356123000000001,0.217654695,0.018606664,0.31469061,0.043920380999999994,0.251406318,0.007356123000000001,0.0030289920000000003,0.024340112999999997,0.054197317,0.001298139,1.0
0.046129582999999995,0.017085031,0.37192798,0.011039558,0.034695755,0.021684847,0.223025365,0.026284663,0.032461559,0.030095939,0.17939282399999998,0.006176895999999999,2.0
0.023891175,0.004686786,0.317558299,0.016918153000000002,0.036694102,0.037151349,0.416780979,0.009373570999999999,0.010973937,0.016346594,0.103909465,0.005715591999999999,2.0
0.033928786,0.002637573,0.399592375,0.003356912,0.016544779,0.017024338,0.37657355200000003,0.0015585660000000002,0.005514926,0.03225033,0.10670183400000001,0.004316029,2.0
0.007828283,0.003282828,0.365277778,0.0049242420000000005,0.07904040400000001,0.011237374,0.34507575799999995,0.00239899,0.004419192,0.02739899,0.146212121,0.00290404,2.0
0.017394782,0.0062981109999999995,0.233230031,0.028691393,0.11606518,0.06667999599999999,0.277316805,0.021993402000000002,0.022293312000000003,0.021793462000000003,0.18294511600000002,0.00529841,1.0
0.034988713,0.004514673,0.376834086,0.010722348,0.130079007,0.047827314,0.188910835,0.008747178000000001,0.030615124,0.02525395,0.13261851,0.008888262,2.0
0.033673551,0.010608373999999999,0.489271076,0.024190307999999997,0.066784537,0.03439685,0.196415655,0.004420156,0.008599212,0.021297115,0.10568191,0.004661255,3.0
0.108122867,0.00996587,0.176928328,0.053924915,0.042457338,0.039180887000000005,0.34744027299999997,0.007098976,0.027167235,0.056245734000000006,0.125870307,0.00559727,0.0
0.014084507,0.013212015,0.296647139,0.015580206999999999,0.107441107,0.027545806000000003,0.265486726,0.004362458,0.00523495,0.052100212,0.19805559,0.000249283,1.0
0.049166362000000005,0.021905805,0.216745771,0.007667032,0.05951077,0.032128514,0.34282584899999996,0.0063283440000000005,0.02701716,0.048071072,0.17670682699999998,0.011926494,0.0
0.050342537,0.01951422,0.31741748,0.031347312,0.045567780999999995,0.040377829,0.224205937,0.032696698999999996,0.031347312,0.017749637,0.171164625,0.018268632,1.0
0.029068617999999997,0.02115879,0.305418232,0.033715642000000004,0.073956891,0.029562982,0.24658888699999998,0.0005932369999999999,0.002274076,0.015918529,0.22750642699999998,0.01423769,1.0
0.041175756,0.018462286,0.11806146,0.07457791799999999,0.234300984,0.128628689,0.11854731,0.011053078999999999,0.041783068,0.098748937,0.09996356099999999,0.014696951000000001,1.0
0.099141706,0.191539674,0.12261341699999999,0.019530566,0.146785777,0.128656507,0.078209844,0.019705728,0.029076896,0.004992118,0.156507269,0.003240497,1.0
0.016761905,0.016761905,0.261714286,0.024126984,0.059936508,0.029333333,0.440253968,0.008380951999999999,0.024761905,0.042285714,0.063365079,0.01231746,0.0
0.030715252999999998,0.013049366000000001,0.149390619,0.049858427000000004,0.161516681,0.040994706,0.38600270799999997,0.0018466079999999998,0.011510526,0.052566786,0.09626985099999999,0.006278469,0.0
0.021597674,0.001384466,0.25128063100000003,0.008860584,0.042918455,0.007337671,0.287553648,0.005814758000000001,0.017305829,0.068531081,0.285476949,0.0019382529999999998,1.0
0.026902281,0.009758671,0.36489516,0.027693525,0.039166557000000005,0.03257286,0.313596202,0.009494923,0.006066200999999999,0.051958328,0.103521034,0.014374258000000001,2.0
0.0038006140000000003,0.002923549,0.10641719,0.040491156,0.301125566,0.008478293000000001,0.32685279899999997,0.00175413,0.00862447,0.003362082,0.18623008300000002,0.009940067,0.0
0.032517355,0.00170503,0.166605773,0.044817927,0.12056996699999999,0.014005601999999999,0.092071611,0.007672634,0.023261478999999998,0.126172208,0.366216052,0.004384362,1.0
0.025666834,0.0022143939999999997,0.272571716,0.027478611,0.17131353800000002,0.008958228,0.243281329,0.00020130900000000002,0.017916457,0.027075994,0.203019628,0.000301963,1.0
0.10240963900000001,0.018853191000000002,0.28759482399999997,0.086903168,0.101963409,0.028558679,0.18418116899999998,0.010040161,0.042280232,0.028558679,0.06905399400000001,0.039602856,1.0
0.060423634000000004,0.031103679,0.284057971,0.088405797,0.047714604,0.023968785,0.268896321,0.000780379,0.018506131999999998,0.024972129,0.08517279800000001,0.06599777,2.0
0.036018634,0.000454494,0.335302806,0.008180889,0.044654017000000004,0.022951937000000002,0.378706965,0.002613339,0.004999432,0.013862061,0.128621748,0.023633677999999998,2.0
0.036346692,0.021202237000000002,0.36008853700000004,0.022716682000000002,0.054054054000000004,0.02027027,0.210740913,0.005708295,0.010018639000000001,0.049394222,0.194664492,0.014794967,2.0
0.055635919000000006,0.017135863,0.27617670000000005,0.025703794,0.036274619,0.019138756,0.264381885,0.0022254370000000002,0.009235562,0.029820852000000002,0.241571158,0.022699455,1.0
0.04675,0.0005,0.33275,0.019375,0.11575,0.023,0.26425,0.000875,0.004125,0.0745,0.116125,0.002,2.0
0.07717327,0.037256062,0.24226296100000003,0.034003548,0.057066824,0.044648137000000004,0.254583087,0.026512911,0.045140942,0.034102109,0.129607727,0.017642421000000002,1.0
0.071204735,0.074425487,0.14737117,0.073642061,0.072162256,0.139449861,0.043871865999999995,0.021326602000000004,0.083391365,0.12099582199999999,0.10558844,0.046570334000000005,1.0
0.048623377,0.017350649,0.25683116899999997,0.032311688,0.032207792,0.01838961,0.252883117,0.02587013,0.005194805,0.027324675,0.27511688300000003,0.007896104000000001,1.0
0.082872928,0.005985267,0.410036832,0.033333333,0.070810313,0.033241252,0.22044198899999998,0.001841621,0.013259668999999998,0.030018416000000003,0.08250460400000001,0.015653775,3.0
0.037790698,0.017598994,0.154698303,0.017127593,0.086030798,0.017520426999999998,0.337680704,0.029619736,0.002514142,0.000549969,0.29824010100000004,0.000628536,0.0
0.12794882,0.034786086,0.16273490599999998,0.023990404,0.14894042400000002,0.074170332,0.076369452,0.013194721999999999,0.078368653,0.057776889000000005,0.198520592,0.003198721,1.0
0.030295772999999998,0.013770806000000002,0.31050173600000003,0.043228355999999996,0.03628308,0.022751766,0.34989821600000004,0.00371213,0.008501976,0.068494791,0.105496348,0.007065022,2.0
0.039825046,0.00621547,0.269912523,0.052255985,0.123733886,0.049723757,0.24355432800000001,0.004028545,0.019106814,0.033839779,0.144221915,0.013581952,1.0
0.02496038,0.0043581620000000005,0.29477020600000003,0.012150026000000001,0.012414157,0.015187533000000001,0.517168516,0.000132066,0.005546751,0.007263603,0.08835182300000001,0.017696778,0.0
0.064804469,0.013915693,0.27313357,0.015744033,0.042762824000000005,0.043067547000000005,0.38689690200000004,0.010360589,0.035144744,0.02559675,0.078821737,0.009751143,0.0
0.089052528,0.005400098000000001,0.20628375100000002,0.05203731,0.207069219,0.02287678,0.24634266100000002,0.004418262,0.011389298,0.026509572999999998,0.114482081,0.014138439,1.0
0.068290275,0.002139213,0.22149086699999998,0.009215073,0.103011354,0.006911305,0.36991936799999997,0.002303768,0.009708738,0.012341616000000001,0.18446601899999998,0.010202403,0.0
0.017597638999999998,0.014532243,0.237624886,0.079700272,0.033038147000000004,0.048932788,0.38737511399999996,0.000908265,0.014986376000000001,0.013056311999999999,0.150317893,0.001930064,0.0
0.031437725,0.018922707,0.112134561,0.030036043,0.059471366,0.012615138,0.53494193,0.0019022829999999998,0.008710453,0.005406488,0.159090909,0.025330396,0.0
0.017911403,8e-05,0.220054374,0.026067488,0.127538781,0.001519271,0.197345274,0.0021589639999999998,0.005117544,0.205421398,0.19646569600000002,0.000319846,1.0
0.059550452000000004,0.019752846,0.5890824170000001,0.014498394,0.048457720999999995,0.067724044,0.025201907000000003,0.018195972,0.024618078999999998,0.051182252000000004,0.07307580000000001,0.008660115,3.0
0.025771588999999998,0.004156708,0.267899823,0.012470123999999999,0.048633482,0.08978489,0.471890263,0.001766601,0.021926634,0.013613218,0.022965811000000003,0.019120856000000002,0.0
0.013891927,0.002515861,0.19984686100000001,0.026361846,0.052942462999999995,0.001640779,0.480529425,0.001750164,0.017939181999999998,0.009188360999999999,0.191752352,0.001640779,0.0
0.037790698,0.017598994,0.154698303,0.017127593,0.086030798,0.017520426999999998,0.337680704,0.029619736,0.002514142,0.000549969,0.29824010100000004,0.000628536,0.0
0.031079036,0.002095216,0.348155046,0.007216855,0.043068327,0.010592481,0.332673728,0.0024444189999999998,0.000465604,0.004423234,0.216389245,0.001396811,2.0
0.046637013,0.017926944,0.312036663,0.030327537,0.036393045,0.042997709,0.289122523,0.014557218,0.016983421000000002,0.040571506,0.137080469,0.015365951999999999,2.0
0.008292417,0.012765957,0.166066558,0.020512821,0.11434806300000001,0.026623022000000003,0.33638843399999996,0.001200218,0.036333879,0.11947626800000001,0.138897981,0.019094381,0.0
0.08499841400000001,0.050216725,0.258801142,0.048419495,0.092398774,0.047996617000000005,0.139549635,0.016809388,0.03827043,0.048630934,0.14441272900000002,0.029495717999999997,1.0
0.06694048799999999,0.013108451,0.21541553800000002,0.035654986,0.092283492,0.030411605,0.375688194,0.004806432,0.016079699,0.024032158999999997,0.083806694,0.041772263,0.0
0.048017495,0.013311781000000002,0.212322906,0.043358372,0.11039269800000001,0.017590568,0.232861082,0.002091851,0.027003898,0.075211562,0.204050585,0.013787202,1.0
0.06534578,0.009906649,0.275481044,0.070775386,0.071632692,0.020575348,0.17679558,0.038769289,0.025623927999999997,0.060678224,0.17174699899999998,0.01266908,1.0
0.063033911,0.008930883,0.370308051,0.004918457,0.034040901,0.018120632,0.284364484,0.000776598,0.005436189,0.008283717,0.19777375100000003,0.0040124259999999995,2.0
0.065366307,0.02182747,0.41007778899999997,0.02670382,0.031231859,0.018692674,0.20585162,0.01857657,0.011378148999999999,0.02832927,0.140253106,0.021711367000000002,3.0
0.011781100000000001,0.000253357,0.147327084,0.003166962,0.02014188,0.001140106,0.565872815,0.00164682,0.001900177,0.01760831,0.226374462,0.0027869270000000002,0.0
0.041564492,0.014467876000000001,0.144556155,0.02231486,0.070255027,0.04193232,0.43293281,0.001716528,0.010912212,0.049288867,0.16956841600000003,0.000490436,0.0
0.010957096000000001,0.009108910999999999,0.752607261,0.029306931,0.015577558,0.008712871,0.089108911,0.011221122,0.03009901,0.021518152000000002,0.01650165,0.0052805280000000005,3.0
0.025836695,0.013953995,0.163087321,0.02965224,0.19328464,0.01384498,0.322904175,0.003052436,0.014717105,0.0049057020000000005,0.194047749,0.020712961999999998,0.0
0.060113396,0.029783455,0.37707493700000005,0.02725596,0.022815766,0.014618485,0.273994125,0.007514174,0.006694446,0.074731881,0.067012774,0.038390600000000004,2.0
0.08488121,0.005183585,0.363174946,0.007451404,0.054859610999999996,0.033261339,0.17537797,0.003239741,0.006803455999999999,0.025593952000000003,0.204967603,0.035205184,1.0
0.024665107000000002,0.012651498999999998,0.118647672,0.030087178,0.12630236,0.025196682999999997,0.32925792,0.0025515629999999997,0.028598767,0.048160747999999996,0.243355305,0.010525197,0.0
0.032786885,0.005337399999999999,0.7274113609999999,0.008577964,0.022493327999999996,0.035074342,0.05432710599999999,0.0017155929999999998,0.008959207,0.015630957,0.066336256,0.021349599999999996,3.0
0.029722721,0.013165768999999999,0.22551366399999997,0.05036904,0.131158987,0.033812089,0.345102733,0.009275883,0.017255137,0.009974067,0.104927189,0.029722721,0.0
0.025409587,0.012894417,0.10634101900000001,0.040958738,0.030415655,0.016838592,0.300743325,0.011301578,0.021389562999999997,0.061893204,0.353913835,0.017900485,0.0
0.045562599,0.034865293,0.19096671899999998,0.043977813,0.068442948,0.016541204,0.39896988899999997,0.017630745,0.023969888999999998,0.05566561,0.09340332800000001,0.010003962,0.0
0.020862729,0.001914937,0.25750856699999997,0.041927031000000003,0.096956259,0.033662568,0.262951018,0.003527515,0.019149365,0.080124975,0.173049788,0.008365249,1.0
0.010741688000000001,0.011867008,0.623734015,0.024245523999999997,0.135242967,0.009616368,0.091969309,0.003785166,0.017289003,0.016061381,0.048797954000000004,0.006649616,3.0
0.044263872999999995,0.007377312,0.204105635,0.05356570099999999,0.046402224000000006,0.11172885699999999,0.206350903,0.006201219,0.03560355,0.098043409,0.17406179800000002,0.01229552,1.0
0.060885996,0.0008398069999999999,0.26926306899999997,0.01774092,0.054167541,0.00734831,0.324585345,0.0027293720000000003,0.00860802,0.005773672,0.247323116,0.000734831,0.0
0.022537467000000002,0.008694657,0.26724631,0.005605766,0.062693056,0.010410708000000001,0.472600389,0.001144034,0.008008237,0.011783548999999999,0.102276627,0.026999198999999998,0.0
0.062952581,0.011796309,0.185120299,0.018687223,0.109787433,0.061901425,0.17577668800000001,0.008058865,0.040294324,0.110955384,0.19668301800000002,0.017986452,1.0
0.051703739000000005,0.032891622999999995,0.418480833,0.028513961,0.038334122000000005,0.013369617,0.258637009,0.007690486999999999,0.014789398999999998,0.044013250999999996,0.078679602,0.012896356000000001,2.0
0.020466445,0.000356973,0.441218467,0.011066158999999999,0.068062827,0.006306521,0.16670633,0.004402665,0.0070204659999999995,0.014992861000000001,0.255354593,0.0040456929999999995,3.0
0.034083532,0.012118588999999999,0.348409435,0.014823631,0.10387362,0.00962995,0.25459857199999997,0.003246051,0.012226791,0.04295607,0.159272885,0.004760874,2.0
0.061434978,0.00011210799999999999,0.25852017899999996,0.007511210999999999,0.008632286999999999,0.012892377,0.34327354299999996,0.00190583,0.006838565,0.050560537999999995,0.245852018,0.002466368,0.0
0.04557260900000001,0.017945691,0.395395514,0.00566706,0.062455725999999996,0.023022432000000002,0.261865407,0.001534829,0.0027154659999999997,0.024793388,0.148996458,0.010035419,2.0
0.024874088,0.013876041,0.17925788899999998,0.080892178,0.09631000099999999,0.015520608,0.315243088,0.002364066,0.02528523,0.053345668,0.167540343,0.025490801,0.0
0.043132485,0.002151946,0.18207335300000002,0.00196482,0.09113024,0.0038360779999999997,0.39642589799999994,0.000467814,0.00196482,0.002526198,0.274139222,0.000187126,0.0
0.033187548,0.043092359000000004,0.26562902,0.023540005,0.056213018,0.028942628999999997,0.16490867,0.065989195,0.079238487,0.038976074,0.073192694,0.127090301,1.0
0.034244792,0.046223957999999996,0.308072917,0.006510416999999999,0.010286458,0.011979166999999999,0.38658854200000003,0.003125,0.008854167,0.024479167000000003,0.157682292,0.001953125,2.0
0.045816024000000004,0.019347181,0.16854599399999998,0.017804154,0.140652819,0.075014837,0.12201780400000001,0.012700297,0.018753709,0.041661721,0.31347181,0.02421365,1.0
0.051100458,0.013401613,0.225975158,0.027130094,0.041948137,0.023425583,0.39191545,0.009915014,0.031379385,0.033885378,0.122466768,0.027456962,0.0
0.015923567,0.002241095,0.37685774899999996,0.004482189,0.048360462,0.009790045,0.39761736299999995,0.0015333810000000001,0.01155933,0.014744043,0.11464968199999999,0.002241095,2.0
0.0012566460000000002,9.67e-05,0.359014016,0.002126631,0.085258579,0.011986466999999999,0.380666989,0.004543258,0.000966651,0.010729821,0.134944418,0.00840986,2.0
0.004223979,0.011263945,0.14090761400000001,0.010180873,0.023177732000000003,0.008881186999999999,0.578035308,0.001191379,0.002707679,0.026426947000000003,0.18823784300000002,0.004765515,0.0
0.001476875,0.0023319079999999997,0.33711620700000006,0.024640497,0.12949864,0.024174116000000002,0.22254178,0.002642829,0.001243684,0.048970074,0.205130198,0.000233191,1.0
0.022354693999999998,0.000496771,0.20804769,0.0017883760000000002,0.073919523,0.013512171000000002,0.322404372,0.001291605,0.00377546,0.0038748140000000003,0.348137109,0.00039741699999999995,0.0
0.028190068999999998,0.079871863,0.16860651399999999,0.020395088000000002,0.164442072,0.05840897,0.099733049,0.000106781,0.06876668400000001,0.229578217,0.057447944,0.02445275,1.0
0.08677686,0.003284594,0.153952108,0.20682348,0.027654164,0.058910786,0.228968002,0.005191778,0.018542064,0.08433990300000001,0.105212969,0.020343293000000002,1.0
0.010933169,0.000461965,0.12272867300000001,0.000307977,0.028333847000000002,0.007083462,0.47921158,0.000153988,0.0,0.005543579,0.345087773,0.000153988,0.0
0.071699648,0.0013553810000000001,0.101111412,0.22350230399999998,0.035646517,0.07806993799999999,0.18677148300000002,0.007454595,0.055028463,0.07251287599999999,0.163323394,0.00352399,1.0
0.0071012919999999995,0.004043791,0.45389091600000003,0.025249037999999998,0.011440971000000001,0.0037479040000000003,0.45034027,0.003057501,0.005720485,0.013808068,0.017358714,0.004241049,2.0
0.041349192,0.010035309000000001,0.536145698,0.075915257,0.02769002,0.104534473,0.094313325,0.002322988,0.009106114,0.039490801,0.05157034,0.007526481999999999,3.0
0.036111769,0.046530902,0.186478807,0.022732655,0.130120767,0.048188492,0.246152025,0.001420791,0.051858867999999995,0.045583708,0.178664457,0.006156761,1.0
0.040648174,0.01556349,0.17421953699999998,0.042662272,0.069761055,0.042845372,0.343037627,0.004943697,0.03094388,0.037077726,0.18456468,0.013732491000000001,0.0
0.0871107,0.013721862,0.159111933,0.049182855,0.098211533,0.04008634,0.280141844,0.005087882,0.048566142,0.0417823,0.14631514,0.030681467999999996,1.0
0.036698397,0.033942886,0.326027054,0.015781563000000002,0.035946894,0.042334669000000005,0.22858216399999998,0.006638277,0.019539078,0.04471442900000001,0.152680361,0.057114227999999996,2.0
0.041340352000000004,0.000256772,0.202593401,0.023366286,0.067145975,0.01245346,0.23199383699999998,0.000128386,0.028630119,0.035306201,0.352548466,0.004236744000000001,1.0
0.009290426999999999,0.000269288,0.334859297,0.004847179,0.15739868,0.001885014,0.299717248,0.002827521,0.005385755,0.011983303999999998,0.167496971,0.004039315999999999,2.0
0.024795322,0.003859649,0.49497076,0.010409357,0.100701754,0.054853800999999994,0.190409357,0.002807018,0.011812865,0.047719298,0.045964912000000004,0.011695906,3.0
0.033673551,0.010608373999999999,0.489271076,0.024190307999999997,0.066784537,0.03439685,0.196415655,0.004420156,0.008599212,0.021297115,0.10568191,0.004661255,3.0
0.033338431,0.013763572,0.49594739299999996,0.082887292,0.046490289000000004,0.0,0.016822144,0.097874293,0.001988072,0.0012234289999999998,0.12509558,0.084569506,3.0
0.030389739,0.001776024,0.6406512089999999,0.017760236999999998,0.027429699,0.014405525,0.164972866,0.001085348,0.006512087,0.027725702999999997,0.063838185,0.0034533790000000003,3.0
0.034020074,0.044585314,0.24881141,0.058425779000000004,0.03560486,0.129741152,0.260010565,0.0031695720000000003,0.026096143999999998,0.080929741,0.07120972,0.007395668,1.0
0.008987100999999999,0.011736096000000001,0.43138084200000004,0.009092831,0.050116304,0.006661028,0.27637978399999996,0.0014802279999999999,0.005709451999999999,0.0141679,0.17138929999999997,0.012899133,2.0
0.018782015,0.036198065,0.308480364,0.076835515,0.04632897,0.026750142,0.254524758,0.012749004,0.037905521,0.057484348,0.119408082,0.004553216,2.0
0.04386186,0.026090245,0.231409125,0.048525334,0.034786992999999995,0.02193093,0.28258129600000004,0.000630199,0.008948828,0.027350642999999997,0.270229392,0.003655155,1.0
0.029126213999999997,0.002184466,0.323058252,0.003640777,0.048665049,0.004854369,0.39672330100000003,0.0012135919999999999,0.0020631070000000002,0.024757282000000002,0.151456311,0.012257282,2.0
0.068745498,0.025728105,0.23072964899999998,0.040650407,0.18699187,0.03653391,0.158999691,0.018215499,0.015231038,0.025522281,0.173510343,0.01914171,1.0
0.040730758,0.0,0.239742438,0.018718178999999998,0.103474094,0.056753519,0.184186882,0.0026954179999999998,0.061245882,0.035789158,0.163072776,0.093590895,1.0
0.039164491,0.004628531,0.12591977199999999,0.06622359400000001,0.22466176100000002,0.006764776,0.256586755,0.001068122,0.005577973000000001,0.041894137000000005,0.22584856399999997,0.001661524,1.0
0.058044164,0.008201893,0.283280757,0.032492114,0.019768665,0.009674027,0.40588853799999997,0.003259727,0.017560463000000002,0.041640379,0.117245005,0.0029442690000000002,0.0
0.049412059,0.009757318000000001,0.383912935,0.039779835,0.103952965,0.041656242,0.191518639,0.012259194,0.050162622000000004,0.021641231,0.08568926699999999,0.010257693,3.0
0.063772912,0.004327902,0.43037169,0.026349287000000002,0.01540224,0.042515275,0.177443992,0.005728106,0.00610998,0.027749491,0.184826884,0.01540224,3.0
0.037666433,0.019533987,0.367641906,0.020935528999999998,0.063419762,0.019446391,0.259022425,0.006219341,0.010161176999999999,0.024789769,0.167747022,0.0034162579999999997,2.0
0.07566402,0.00019602099999999997,0.265706165,0.004410468,0.154856415,0.0077428209999999996,0.239439381,0.0,0.004802509,0.007938842,0.237773204,0.001470156,1.0
0.028452292999999997,0.035688006,0.140667157,0.006377238,0.019499632,0.005518764000000001,0.498773608,0.00306598,0.000735835,0.067328918,0.165562914,0.028329654,0.0
0.169548872,0.032142857000000004,0.20883458600000002,0.034022556,0.07443609,0.037781955,0.261842105,0.004887218,0.007142857,0.029511278,0.097744361,0.042105263,1.0
0.051363835999999996,0.008688956999999999,0.406841179,0.011658601000000001,0.01649802,0.027826661000000003,0.24351077899999998,0.02716674,0.029806423,0.09326880800000001,0.071491421,0.011878575,2.0
0.042182160999999996,0.001178273,0.27618711,0.025097207000000003,0.086720867,0.0,0.003299163,0.324378461,0.000235655,0.000235655,0.047720042000000004,0.19276540600000003,1.0
0.030033251,0.028531589,0.130751904,0.043762737,0.038292395,0.028102542,0.46787514700000005,0.034860023999999996,0.033894669,0.047516894000000004,0.09546283400000001,0.020916014,0.0
0.021084337,0.02527969,0.418567126,0.023988812,0.055292599000000005,0.021837349,0.25613167,0.00957401,0.061531842,0.046579174,0.029582616000000003,0.030550775,2.0
0.021024147000000003,0.00041632,0.203996669,0.006036636,0.056931724,0.005828476,0.459408826,0.001873439,0.008638634000000001,0.011969192,0.22044129899999998,0.003434638,0.0
0.017353308,0.010486891000000002,0.361672909,0.011985019,0.04906367,0.040948814,0.40149812700000004,0.005243446,0.008364544,0.021348315,0.063545568,0.008489388,2.0
0.017261073999999998,0.000380759,0.232009138,0.006219063,0.041756568,0.006599821999999999,0.425180861,0.001396116,0.019418708,0.020180226000000002,0.228455388,0.001142277,0.0
0.118941542,0.04711759099999999,0.249358715,0.02781153,0.059133252000000004,0.036046983,0.255434049,0.013230728,0.041312272000000004,0.02200621,0.10436074,0.025246388999999998,1.0
0.02705418,0.002511661,0.369644779,0.019806243,0.045640474,0.038177252,0.276569788,0.00165052,0.018012199,0.03566559,0.14761392199999998,0.017653391,2.0
0.09120457,0.009159854,0.098197577,0.194720772,0.07061952099999999,0.10016743800000001,0.11750221599999999,0.013493548999999999,0.074657737,0.129419876,0.09268196599999999,0.008174924,1.0
0.051552644,0.014919942,0.183163513,0.08697234400000001,0.045487627,0.026200873,0.354075691,0.012736536000000001,0.032508491,0.024260068,0.158539544,0.009582727,0.0
0.045957187999999996,0.00273917,0.33275844600000004,0.023739474,0.070001015,0.063508167,0.34604849299999996,0.003652227,0.016130669,0.027493152000000003,0.057218221,0.010753779,2.0
0.05247678,0.008513932,0.269195046,0.036996904,0.075851393,0.07012383900000001,0.255263158,0.006656347,0.021981424,0.033126935,0.163157895,0.006656347,1.0
0.025569451,0.003238053,0.130750335,0.019316659,0.100044663,0.039861545,0.537516749,0.011723984,0.032492184,0.015185351000000001,0.07927646299999999,0.005024565,0.0
0.19562888399999998,0.013927577,0.157917292,0.060745661,0.082815513,0.162095565,0.127276623,0.004499679,0.088493679,0.035890293999999996,0.03642597,0.034283265,1.0
0.02452501,0.00513765,0.202694843,0.060585498,0.12863513,0.039841023999999996,0.246801086,0.002326483,0.024718882999999997,0.022004653,0.223730128,0.018999612,1.0
0.065383774,0.011152416,0.21659742,0.018368686000000002,0.082331074,0.016400612,0.361469495,0.002733435,0.016619287,0.045921714,0.13306363400000001,0.029958452000000003,0.0
0.00911577,0.001253418,0.315291705,0.010483136,0.173883318,0.031677302000000004,0.313240656,0.007862352,0.009685506,0.035095716,0.08716955300000001,0.005241568,2.0
0.03790559,0.006368139,0.224805418,0.128474679,0.04629536,0.04174669,0.21813403399999998,0.00899626,0.02122713,0.089760437,0.162741332,0.013544931000000001,1.0
0.06087871,0.013905118000000001,0.35756017799999995,0.015190465,0.024304744,0.057723767,0.301004908,0.004907689,0.0037391909999999998,0.070694087,0.08530030400000001,0.004790839,2.0
