G#,G,F#,F,E,D#,D,C#,C,B,A#,A
0.014871282,0.012246938,0.581604599,0.008372907,0.058110472,0.016995751,0.231317171,0.000749813,0.006123469,0.001874531,0.066483379,0.001249688
0.038236201,0.007092199,0.464179258,0.017473533,0.097029499,0.027957652,0.137526981,0.00842841,0.020968239,0.035460993,0.143899681,0.001747353
0.051813472,0.01324122,0.356169641,0.035309921,0.019829847,0.018998273,0.342096846,0.002622657,0.00511738,0.040555236,0.09556707,0.018678437
0.028320313,0.022851563,0.129394531,0.027734375,0.067578125,0.059472656,0.321582031,0.032910156,0.029980469,0.077636719,0.194042969,0.008496094
0.019147084,0.0039648,0.325790543,0.017986655,0.018760275,0.052025916,0.471231022,0.003481288,0.007252683,0.004835122,0.069238952,0.006285659
0.016569813,0.011386838,0.26511701,0.005732684,0.018690121,0.007617402,0.352285221,0.007303283,0.004868855,0.024815455,0.282393592,0.003219727
0.020954876,0.035004167,0.176211454,0.036790094,0.010358376,0.027741398,0.355875699,0.002500298,0.047743779,0.052268127,0.205500655,0.029051078
0.028894142,0.006960862,0.203703704,0.038613081,0.09535067,0.020488574,0.358024691,0.004990806,0.036249015,0.046624639,0.133307066,0.02679275
0.028347485,0.001698236,0.525800131,0.011626388,0.052514696,0.002482038,0.281645983,0.003004572,0.003527106,0.009928152,0.076943174,0.002482038
0.012606334,0.012606334,0.207440812,0.178128523,0.099005842,0.027979912,0.293532848,0.004509583,0.012913805,0.072870759,0.068463667,0.00994158
0.068745498,0.025728105,0.230729649,0.040650407,0.18699187,0.03653391,0.158999691,0.018215499,0.015231038,0.025522281,0.173510343,0.01914171
0.024103469,0.028336273,0.315931805,0.0223398,0.053968254,0.034450323,0.309347443,0.000235156,0.014697237,0.08712522,0.099118166,0.010346855
0.007036659,0.004880263,0.412552491,0.000907956,0.020769493,0.001475428,0.488593803,0.000226989,0.001248439,0.017251163,0.043127908,0.001929406
0.013730646,0.000389522,0.420780991,0.009445905,0.023858214,0.013341124,0.280845262,0.004966404,0.005940208,0.018210147,0.207615152,0.000876424
0.004342058,0.000361838,0.354239537,0.017850681,0.30635629,0.003618381,0.189120733,0.007357375,0.005668797,0.024363768,0.082619708,0.004100832
0.065437174,0.018664593,0.476835907,0.011554272,0.043328519,0.037106988,0.187756916,0.007110321,0.025774914,0.04955005,0.061326519,0.015553827
0.052549863,0.003821808,0.405111668,0.031052192,0.174728293,0.00632987,0.208049684,0.000836021,0.006688164,0.019347904,0.088498746,0.002985788
0.039547304,0.004323499,0.208036623,0.009282808,0.070956256,0.01525941,0.301881994,0.004832146,0.006739573,0.034969481,0.303407935,0.00076297
0.009290427,0.000269288,0.334859297,0.004847179,0.15739868,0.001885014,0.299717248,0.002827521,0.005385755,0.011983304,0.167496971,0.004039316
0.018547341,0.021141375,0.170817121,0.018677043,0.012840467,0.102075227,0.369909209,0.036575875,0.031258106,0.079377432,0.13463035,0.004150454
0.010348531,0.023625891,0.357610075,0.017475349,0.040417846,0.017182466,0.278922191,0.006541052,0.003221712,0.033681539,0.207165869,0.003807478
0.037835744,0.046358471,0.29106405,0.00697314,0.022985537,0.012654959,0.383522727,0.002453512,0.009555785,0.023372934,0.161027893,0.002195248
0.006312582,0.036134088,0.152154985,0.203308663,0.084893339,0.071397475,0.058989987,0.040052242,0.0237266,0.114714845,0.183500218,0.024814976
0.059470213,0.017275678,0.279342477,0.032876139,0.04366035,0.034656057,0.235158622,0.003978641,0.017066276,0.028059889,0.232855198,0.015600461
0.00569635,0.00058126,0.129969774,0.002441293,0.057079749,0.007207626,0.617763311,0.000348756,0.001976285,0.007672634,0.163101604,0.006161358
0.04026654,0.003236554,0.280533079,0.011232746,0.027225131,0.032079962,0.390575916,0.008091385,0.029319372,0.011327939,0.162874822,0.003236554
0.028106509,0.011587771,0.148791913,0.058678501,0.098372781,0.031558185,0.208210059,0.001602564,0.053994083,0.166050296,0.168145957,0.024901381
0.040148814,0.024647341,0.287397303,0.037823593,0.097039219,0.0452643,0.265540226,0.003875368,0.010696016,0.118276236,0.059215625,0.010075957
0.031338664,0.019215889,0.191643023,0.037657983,0.030693835,0.024503482,0.462470983,0.00748001,0.013025535,0.057647666,0.083182873,0.041140057
0.06993085,0.026990854,0.443341512,0.041601606,0.06948472,0.010595583,0.102721392,0.008141869,0.080080303,0.082980147,0.024425608,0.039705554
0.088558271,0.021726296,0.179005786,0.12858661,0.058330381,0.105679537,0.197780139,0.010626993,0.034124454,0.041917582,0.113354587,0.020309364
0.071824973,0.098185699,0.122945571,0.157417289,0.051760939,0.042369264,0.07588047,0.003735326,0.042582711,0.054429029,0.192742796,0.086125934
0.033673551,0.010608374,0.489271076,0.024190308,0.066784537,0.03439685,0.196415655,0.004420156,0.008599212,0.021297115,0.10568191,0.004661255
0.017363752,0.00278834,0.131939163,0.016096324,0.024968314,0.041444867,0.573003802,0.015969582,0.103802281,0.05513308,0.015209125,0.002281369
0.069960444,0.010393237,0.203443729,0.029007989,0.180485535,0.041572947,0.176142093,0.003878073,0.024586985,0.037694873,0.176840146,0.04599395
0.031534263,0.027410552,0.449969679,0.022680412,0.022559127,0.036021831,0.249484536,0.001091571,0.011279563,0.038811401,0.10733778,0.001819284
0.083353293,0.009341317,0.344790419,0.010179641,0.056167665,0.078323353,0.187784431,0.002874251,0.01005988,0.026826347,0.174491018,0.015808383
0.025384737,0.008726003,0.236395367,0.069332064,0.117880374,0.022528954,0.250039664,0.009677931,0.053466603,0.049182929,0.138188164,0.019197208
0.102409639,0.018853191,0.287594824,0.086903168,0.101963409,0.028558679,0.184181169,0.010040161,0.042280232,0.028558679,0.069053994,0.039602856
0.044410745,0.005740901,0.270363951,0.022097054,0.088929809,0.008990468,0.196923744,0.006932409,0.017764298,0.059142114,0.267872617,0.010831889
0.323194799,0.023334107,0.174715579,0.092291618,0.06710007,0.034478756,0.03993499,0.001393081,0.006733225,0.056651962,0.150452751,0.029719062
0.035030042,0.00272078,0.374900805,0.018138533,0.219136152,0.03208253,0.163586895,0.002153951,0.003287609,0.034236481,0.110531686,0.004194536
0.096538508,0.002994371,0.300035932,0.053180022,0.066954126,0.050544975,0.228889687,0.002754821,0.004072344,0.096778057,0.082405078,0.014852078
0.008453159,0.005228758,0.362265795,0.008278867,0.038867102,0.008976035,0.300653595,0.007058824,0.007930283,0.007233115,0.238082789,0.006971678
0.01991914,0.027709299,0.107583079,0.020708017,0.055714427,0.014594221,0.302139828,0.005127699,0.014101173,0.046740953,0.375702593,0.00995957
0.049571126,0.008577476,0.13835357,0.030188259,0.076528907,0.01347889,0.44736549,0.011362371,0.02829453,0.035646653,0.137796591,0.022836137
0.031938762,0.044740663,0.10030355,0.006730896,0.029827108,0.006862874,0.698033523,0.005015178,0.00725881,0.015441468,0.04658836,0.00725881
0.018051282,0.008205128,0.342153846,0.021641026,0.095794872,0.015384615,0.423794872,0.003589744,0.013846154,0.020410256,0.027384615,0.00974359
0.039129503,0.021119211,0.323327616,0.056174957,0.026801029,0.017795883,0.366745283,0.005789022,0.021440823,0.060999142,0.039343911,0.021333619
0.035752979,0.009209101,0.276814735,0.010400867,0.016793066,0.032827736,0.439869989,0.002058505,0.019501625,0.010400867,0.143011918,0.003358613
0.071326832,0.028158212,0.415361017,0.040429495,0.096965049,0.046893831,0.097293744,0.014462584,0.031445163,0.015558234,0.129396297,0.012709543
0.024956971,0.00835997,0.382099828,0.023358741,0.038234571,0.015982297,0.32444062,0.000737644,0.01819523,0.046840423,0.10437669,0.012417015
0.037506717,0.010854379,0.456098872,0.032778076,0.012573885,0.012036539,0.184739387,0.008490059,0.102525524,0.015690489,0.095432563,0.031273509
0.012795451,0.004442865,0.395503821,0.003643149,0.043984361,0.011640306,0.359960903,0.015194597,0.007108584,0.02168118,0.123333926,0.000710858
0.034471292,0.028042563,0.19053425,0.05231656,0.050764797,0.050321436,0.349479051,0.015960984,0.008091332,0.024939038,0.192196852,0.002881844
0.03788283,0.002667805,0.324831928,0.006509444,0.055063494,0.016113542,0.315334543,0.002881229,0.012698751,0.024650518,0.18941415,0.011951766
0.062952581,0.011796309,0.185120299,0.018687223,0.109787433,0.061901425,0.175776688,0.008058865,0.040294324,0.110955384,0.196683018,0.017986452
0.006497342,0.002953337,0.463673952,0.020968695,0.05463674,0.001181335,0.360602481,0.000590667,0.018606025,0.012404017,0.053160071,0.00472534
0.054644809,0.029583569,0.297625777,0.014980215,0.059732429,0.04013567,0.214622197,0.003485962,0.036838138,0.020821556,0.2133974,0.014132278
0.050915211,0.000525984,0.511992426,0.009993688,0.048285293,0.005785819,0.217862403,0.001998738,0.015358721,0.044813802,0.09004839,0.002419525
0.076421249,0.010179941,0.247401247,0.025378163,0.107462901,0.019284537,0.281668937,0.001577174,0.006380386,0.02358592,0.189260879,0.011398667
0.041384695,0.012883915,0.256246746,0.00702759,0.054789172,0.004034357,0.278630921,0.0048152,0.012233212,0.111400312,0.209656429,0.006897449
0.010549249,0.005274624,0.428849903,0.021901158,0.051140924,0.012269235,0.257424607,0.008141268,0.006879945,0.049306272,0.144478844,0.00378397
0.019331586,0.000218436,0.319134993,0.004587156,0.045434688,0.009501966,0.482634338,0.000873744,0.009392748,0.01419834,0.089121887,0.005570118
0.035889962,0.021133175,0.157041355,0.04217526,0.249681181,0.050737839,0.221260703,0.003188195,0.004918929,0.024412461,0.173437785,0.016123155
0.042888516,0.017310425,0.363002196,0.047926624,0.058261207,0.057615295,0.259398011,0.004133833,0.006200749,0.016406149,0.10554192,0.021315076
0.036019076,0.007781124,0.189633534,0.046937751,0.074422691,0.014056225,0.427836345,0.00251004,0.017319277,0.020707831,0.137424699,0.025351406
0.1,0.129025424,0.084216102,0.061970339,0.110487288,0.141207627,0.049894068,0.007838983,0.02934322,0.06059322,0.165148305,0.060275424
0.116868676,0.01945958,0.268431002,0.067941732,0.051039698,0.080951851,0.085844546,0.013343712,0.050372512,0.054375625,0.173357055,0.018014011
0.03552492,0.004772004,0.245811241,0.042629905,0.038918346,0.029798515,0.333828208,0.000212089,0.073488865,0.060445387,0.109331919,0.0252386
0.079538247,0.016744894,0.548902702,0.023848789,0.067106432,0.05404034,0.032221236,0.014588355,0.005835342,0.036153749,0.110617785,0.010402131
0.063505504,0.012277731,0.163738357,0.070279424,0.074195597,0.039161727,0.338801863,0.006244708,0.026778154,0.095681626,0.089754445,0.019580864
0.051100458,0.013401613,0.225975158,0.027130094,0.041948137,0.023425583,0.39191545,0.009915014,0.031379385,0.033885378,0.122466768,0.027456962
0.056809487,0.004877582,0.436208875,0.024005356,0.09630834,0.004877582,0.303940321,0.002199694,0.003060444,0.00506886,0.058722265,0.003921194
0.040343707,0.000628733,0.23064026,0.010269307,0.193125851,0.023263125,0.379545216,0.002200566,0.005029865,0.071570785,0.035209054,0.00817353
0.038696183,0.030852362,0.389576434,0.038173261,0.024054384,0.039044797,0.183545407,0.016907792,0.009063971,0.017430713,0.209865784,0.002788914
0.044777427,0.01191728,0.153960743,0.124605678,0.086487907,0.027953032,0.211619348,0.000262881,0.005432878,0.032246758,0.297318612,0.003417455
0.014723017,0.012392755,0.295837305,0.02806906,0.129223599,0.063658511,0.369876072,0.002859867,0.015252622,0.018006567,0.039190764,0.010909861
0.171700531,0.060772469,0.094728171,0.043565806,0.114680578,0.045304778,0.18350723,0.001372872,0.051803039,0.054640308,0.044572579,0.133351638
0.064079296,0.017590395,0.247521988,0.030294569,0.09269859,0.024151892,0.186374424,0.010191261,0.029736144,0.044953232,0.224068128,0.028340081
0.040801433,0.006236317,0.385722816,0.046838718,0.091156372,0.030982552,0.152988788,0.004113315,0.029257613,0.057453725,0.14217475,0.012273602
0.019455748,0.020091556,0.366734486,0.07121058,0.042344863,0.169252289,0.128814852,0.016276704,0.033697864,0.020727365,0.1017294,0.009664293
0.0576,0.00576,0.26112,0.02528,0.034133333,0.006186667,0.481813333,0.002453333,0.005226667,0.005546667,0.104,0.01088
0.020855473,0.004649309,0.065887354,0.008103082,0.119420829,0.031349628,0.318942614,0.018597237,0.015541977,0.033873539,0.353347503,0.009431456
0.025248756,0.02300995,0.199378109,0.017288557,0.052487562,0.058706468,0.398756219,0.035572139,0.027860697,0.040174129,0.108706468,0.012810945
0.063978495,0.005053763,0.339569892,0.032795699,0.027741935,0.025376344,0.322365591,0.007634409,0.017849462,0.040322581,0.080107527,0.037204301
0.030295773,0.013770806,0.310501736,0.043228356,0.03628308,0.022751766,0.349898216,0.00371213,0.008501976,0.068494791,0.105496348,0.007065022
0.031048338,0.01412395,0.252648241,0.036649215,0.067575794,0.050042615,0.321563375,0.002922197,0.03628394,0.084378424,0.065992938,0.036770973
0.071367048,0.019318322,0.257290513,0.038882737,0.068783069,0.099790821,0.211517165,0.012304663,0.072966654,0.049464747,0.090193183,0.008121078
0.066984446,0.031736076,0.208730557,0.01818866,0.060712494,0.030607125,0.196437531,0.003010537,0.011164074,0.045785248,0.317987958,0.008655294
0.011678645,0.007058522,0.402849076,0.078542094,0.088680698,0.017325462,0.073023614,0.01937885,0.061088296,0.098947639,0.128593429,0.012833676
0.020439979,0.013337953,0.348692188,0.094491599,0.094318379,0.023038282,0.068508574,0.016369305,0.064697731,0.115537849,0.12749004,0.013078122
0.030229479,0.010370697,0.477714034,0.063106796,0.060458959,0.006619594,0.207634598,0.001544572,0.007943513,0.052074139,0.073477493,0.008826125
0.110441263,0.061374864,0.158000502,0.110273801,0.059281588,0.066231265,0.214351503,0.008540568,0.019090681,0.047977895,0.122833459,0.021602612
0.071731844,0.004916201,0.147150838,0.023910615,0.064692737,0.032960894,0.506592179,0.01150838,0.00424581,0.025363128,0.090391061,0.016536313
0.094712588,0.001091438,0.182634004,0.087315062,0.063667233,0.007033713,0.391341256,0.000121271,0.019403347,0.041232113,0.110113995,0.00133398
0.027006369,0.010700637,0.136305732,0.109808917,0.095796178,0.073630573,0.309044586,0.024968153,0.067261146,0.051719745,0.073121019,0.020636943
0.051871713,0.01608745,0.238630504,0.015571826,0.053521708,0.04475611,0.391358152,0.006496855,0.011653089,0.046096731,0.118490255,0.005465608
0.078695029,0.007053896,0.376722143,0.006172159,0.023255814,0.046621845,0.221095558,0.009699107,0.011352364,0.028656453,0.156838973,0.033836658
0.008376194,0.02277737,0.482880235,0.011903012,0.019691403,0.019544453,0.297575312,0,0.000293902,0.002351212,0.134459956,0.000146951
0.024408683,0.016848472,0.235338589,0.048277352,0.112215142,0.054217518,0.402419268,0.006372178,0.00928826,0.00248407,0.084242359,0.003888109
0.028723115,0.010073509,0.201470188,0.038115981,0.050231418,0.070242309,0.334876123,0.001497414,0.016879935,0.065886197,0.154505854,0.027497958
0.04038285,0.001442245,0.340107513,0.058476465,0.016389144,0.013897994,0.314015996,0,0.066867707,0.076176741,0.065294349,0.006948997
0.074267888,0.009157693,0.142195834,0.048606219,0.250679279,0.032102244,0.160712489,0.007748818,0.018919191,0.071852672,0.151554795,0.032202878
0.026902281,0.009758671,0.36489516,0.027693525,0.039166557,0.03257286,0.313596202,0.009494923,0.006066201,0.051958328,0.103521034,0.014374258
0.013896865,0.001033651,0.222349833,0.027449179,0.192029402,0.011255312,0.426783048,0.0004594,0.001263351,0.002986103,0.099345354,0.001148501
0.011896265,0.001070664,0.259814418,0.064120866,0.081489412,0.087080657,0.294789436,0.048536759,0.006780871,0.02426838,0.091839163,0.02831311
0.032346951,0.028273631,0.232898047,0.051275908,0.059542351,0.05475021,0.39559123,0.004312927,0.005151551,0.019288367,0.111776686,0.004792141
0.039078244,0.037939192,0.314728818,0.020853413,0.056426882,0.034259178,0.327959345,0.006308595,0.011740997,0.023744852,0.112678524,0.014281959
0.11125158,0.007585335,0.30223948,0.086960448,0.052374932,0.066732888,0.23144302,0.003250858,0.014448257,0.006592017,0.109897056,0.007224129
0.021084337,0.02527969,0.418567126,0.023988812,0.055292599,0.021837349,0.25613167,0.00957401,0.061531842,0.046579174,0.029582616,0.030550775
0.049739195,0.06147541,0.216281669,0.03064456,0.073863636,0.033066319,0.293125931,0.008196721,0.045361401,0.048994039,0.114195231,0.025055887
0.025499019,0.005422868,0.618206992,0.019037729,0.01315334,0.003576786,0.193838699,0.002307604,0.005076728,0.014768663,0.07822776,0.020883812
0.020862729,0.001914937,0.257508567,0.041927031,0.096956259,0.033662568,0.262951018,0.003527515,0.019149365,0.080124975,0.173049788,0.008365249
0.030668375,0.003466205,0.265616758,0.082058624,0.025996534,0.014693693,0.300580212,0.024489488,0.089593851,0.061110692,0.086655113,0.015070454
0.030091533,0.049656751,0.244393593,0.013386728,0.011327231,0.03409611,0.326773455,0.023112128,0.02791762,0.054004577,0.179977117,0.005263158
0.025336927,0.017520216,0.329919137,0.010242588,0.034636119,0.00916442,0.248180593,0.002088949,0.004986523,0.029649596,0.281401617,0.006873315
0.027839255,0.012114153,0.150611532,0.031566686,0.037623762,0.010017472,0.581595807,0.000232964,0.000116482,0.036225976,0.108677927,0.003377985
0.023728429,0.052565849,0.479223433,0.089237057,0.067098093,0.057561308,0.113306085,0.010217984,0.058583106,0.017824705,0.020663034,0.009990917
0.017597639,0.014532243,0.237624886,0.079700272,0.033038147,0.048932788,0.387375114,0.000908265,0.014986376,0.013056312,0.150317893,0.001930064
0.011183225,0.000898652,0.096455317,0.043934099,0.075087369,0.062606091,0.605691463,0.0001997,0.003794309,0.014777833,0.084872691,0.000499251
0.007101292,0.004043791,0.453890916,0.025249038,0.011440971,0.003747904,0.45034027,0.003057501,0.005720485,0.013808068,0.017358714,0.004241049
0.040035732,0.015185967,0.229576092,0.038411564,0.054896865,0.029965892,0.382085431,0.010638298,0.026230307,0.031021601,0.131313952,0.010638298
0.028956812,0.004826135,0.312090088,0.00717733,0.057542383,0.002227447,0.361960153,0.001608712,0.0084148,0.033164212,0.172998391,0.009033535
0.0117811,0.000253357,0.147327084,0.003166962,0.02014188,0.001140106,0.565872815,0.00164682,0.001900177,0.01760831,0.226374462,0.002786927
0.030934188,0.007764358,0.648631994,0.025757949,0.043135322,0.064333251,0.07702736,0.002341632,0.010722209,0.045846685,0.0287158,0.014789253
0.031516239,0.006277625,0.216706169,0.011594389,0.062263788,0.022356031,0.198065467,0.014797258,0.021907629,0.121644994,0.286913074,0.005957338
0.013312753,0.011093961,0.342465753,0.039166506,0.044472313,0.103415011,0.178661007,0.003858769,0.008585761,0.116148948,0.127339379,0.011479838
0.028039317,0.063010864,0.104190378,0.034868081,0.179513709,0.032695292,0.224211071,0.007346094,0.022969477,0.195137093,0.002793585,0.105225039
0.052530017,0.009969983,0.198863636,0.027765866,0.070218696,0.019189537,0.277658662,0.003537736,0.014043739,0.021119211,0.286342196,0.01876072
0.029068618,0.02115879,0.305418232,0.033715642,0.073956891,0.029562982,0.246588887,0.000593237,0.002274076,0.015918529,0.227506427,0.01423769
0.082110647,0.026383093,0.232198142,0.004845874,0.019114282,0.008614888,0.426436936,0.000807646,0.023825549,0.078610849,0.075245659,0.021806434
0.017202246,0.017441166,0.380360769,0.008362203,0.030940151,0.013857365,0.367698005,0.004539482,0.003583801,0.001672441,0.14789153,0.006450842
0.022798487,0.014262561,0.313776337,0.009940573,0.127822798,0.048838466,0.263857374,0.003349541,0.017504052,0.016207455,0.141545111,0.020097245
0.098772763,0.037410926,0.094022169,0.044140934,0.086500396,0.02246635,0.383214568,0.002672209,0.028899446,0.015142518,0.163400633,0.023357086
0.060542797,0.015193691,0.319531431,0.038854094,0.057295291,0.067617722,0.282185108,0.013337973,0.044653213,0.014961726,0.073300858,0.012526096
0.055092717,0.039505509,0.105348025,0.07202365,0.113410374,0.054555227,0.245364149,0.014243483,0.033861865,0.062617576,0.170921795,0.03305563
0.02452501,0.00513765,0.202694843,0.060585498,0.12863513,0.039841024,0.246801086,0.002326483,0.024718883,0.022004653,0.223730128,0.018999612
0.040395627,0.008016658,0.148256117,0.056949505,0.164393545,0.046850599,0.262155128,0.013118168,0.054450807,0.033940656,0.135658511,0.03581468
0.030015065,0.017846796,0.262371074,0.059334801,0.041372117,0.072314289,0.31463669,0.014370147,0.035461815,0.030246842,0.115888284,0.006142079
0.095541401,0.002747596,0.31534907,0.043961534,0.021481204,0.025477707,0.166854003,0.087173723,0.003621831,0.007243662,0.21656051,0.013987761
0.051119967,0.042325134,0.107874124,0.064174797,0.108423801,0.169987632,0.091383812,0.004672255,0.04301223,0.137831524,0.164353442,0.014841281
0.083312973,0.050207672,0.196310774,0.014903494,0.030295627,0.012215978,0.410701197,0.001588077,0.013315417,0.038113853,0.116662595,0.032372343
0.034988713,0.004514673,0.376834086,0.010722348,0.130079007,0.047827314,0.188910835,0.008747178,0.030615124,0.02525395,0.13261851,0.008888262
0.024432334,0.00390554,0.464123524,0.000544959,0.021344233,0.001089918,0.267665758,0.001907357,0.000454133,0.020163488,0.19164396,0.002724796
0.020465995,0.007346767,0.326406381,0.034634761,0.163937867,0.018261965,0.257451721,0.004722922,0.020361041,0.020675903,0.122586062,0.003148615
0.12018993,0.002967653,0.236620833,0.014937185,0.130972401,0.082203977,0.250272035,0.00395687,0.01919082,0.029478682,0.096151944,0.013057671
0.018242123,0.001421464,0.118455342,0.012556266,0.233120114,0.019189765,0.350864724,0.001184553,0.042051647,0.059701493,0.141435679,0.00177683
0.049166362,0.021905805,0.216745771,0.007667032,0.05951077,0.032128514,0.342825849,0.006328344,0.02701716,0.048071072,0.176706827,0.011926494
0.241126761,0.110422535,0.226103286,0.021314554,0.049765258,0.081502347,0.097652582,0.006197183,0.040469484,0.014366197,0.085821596,0.025258216
0.017824497,0.027536563,0.166476234,0.055530165,0.032449726,0.02845064,0.364145338,0.001942413,0.016224863,0.046732176,0.237774223,0.004913163
0.051703739,0.032891623,0.418480833,0.028513961,0.038334122,0.013369617,0.258637009,0.007690487,0.014789399,0.044013251,0.078679602,0.012896356
0.03101425,0.012932583,0.480062268,0.021434559,0.036522572,0.016165729,0.245359837,0.014609029,0.034007903,0.042390133,0.048616932,0.016884205
0.029241179,0.001208313,0.295915901,0.013049783,0.048453359,0.009424843,0.423030449,0.000362494,0.007008217,0.013412276,0.140285162,0.018608023
0.019371785,0.009740615,0.245485389,0.023311809,0.054941447,0.049469191,0.436686002,0.001641677,0.016416767,0.012367298,0.117106271,0.013461749
0.022461815,0.014263252,0.368710692,0.056266846,0.081985624,0.025831087,0.270889488,0.009995508,0.014150943,0.037061995,0.096698113,0.001684636
0.049156519,0.028376718,0.213383979,0.08390124,0.064238633,0.104122444,0.1748408,0.017651659,0.018098536,0.03854318,0.184225226,0.023461066
0.013490241,0.004448909,0.304104478,0.027267509,0.146814007,0.00717566,0.358639495,0.000861079,0.001578645,0.033725603,0.100889782,0.001004592
0.041441066,0.035401916,0.213452728,0.107038734,0.069658476,0.04060808,0.156913786,0.003331945,0.013223657,0.019887547,0.21032903,0.088713036
0.043752251,0.014494058,0.246489017,0.04546273,0.038620814,0.014944184,0.34335614,0.006031689,0.021155924,0.031778898,0.184101548,0.009812748
0.031763026,0.015108256,0.23649774,0.091363312,0.131096836,0.062217464,0.090292648,0.002855103,0.027123483,0.028669998,0.279086367,0.003925767
0.018151587,0.022308438,0.425938756,0.000969932,0.012193432,0.065262574,0.25564639,0.015657475,0.018705833,0.00401829,0.159207427,0.001939864
0.007736264,0.004395604,0.320175824,0.002637363,0.281054945,0.007824176,0.25767033,0,0.007032967,0.00756044,0.100659341,0.003252747
0.089143324,0.007871601,0.257411572,0.093028011,0.111531384,0.072275608,0.177979963,0.028317318,0.034553261,0.047229605,0.056327949,0.024330403
0.050110634,0.009631654,0.147077964,0.035663152,0.215410647,0.036444097,0.196147338,0.007028504,0.043863074,0.014187166,0.215280489,0.029155278
0.112350436,0.002129386,0.23970797,0.001825188,0.055972419,0.003650375,0.383593592,0.002433583,0.003650375,0.00152099,0.186067735,0.007097952
0.022033289,0.002754161,0.442222488,0.018800144,0.094359957,0.016285475,0.276134595,0.004191115,0.004550353,0.016884205,0.095557418,0.006226799
0.017410758,0.002042603,0.220795642,0.002042603,0.036085984,0.001167202,0.344810816,0.001653536,0.006225075,0.011088416,0.350063223,0.006614143
0.010935481,0.003877125,0.184610796,0.009543692,0.129138085,0.009046625,0.477979918,0.008947211,0.005865394,0.021672134,0.133810518,0.004573019
0.026949678,0.002027188,0.354280944,0.007512521,0.19902218,0.009062724,0.227402814,0.00131171,0.00131171,0.007631767,0.156928214,0.00655855
0.006574954,0.002832288,0.308112482,0.009103783,0.062108032,0.00738418,0.404713737,0.003236901,0.003944973,0.024681368,0.163463484,0.00384382
0.01894499,0.005388025,0.349004954,0.028591292,0.077952551,0.02085687,0.250630051,0.00599635,0.003215434,0.020769966,0.218388807,0.000260711
0.009004694,0.003927579,0.21477153,0.00373599,0.091867037,0.029792126,0.353865313,0.005651882,0.003257017,0.010633202,0.271481943,0.002011687
0.035327324,0.012291724,0.181007011,0.00482564,0.022398252,0.031594282,0.516616589,0.003733042,0.008558682,0.002367295,0.180187563,0.001092598
0.014783074,0.008141403,0.42988752,0.009212641,0.136475629,0.001285485,0.284520621,0.000214247,0.00085699,0.025174076,0.088484199,0.000964114
0.010248112,0.003505933,0.312477526,0.012855088,0.089536138,0.006562388,0.131966918,0.003056455,0.003955412,0.041352032,0.379090255,0.005393743
0.012717805,0.000500701,0.39815742,0.029541358,0.052473463,0.062988183,0.314139796,0.001602243,0.014620469,0.033146405,0.074504306,0.005607851
0.076416647,0.007759229,0.186574183,0.026334352,0.030096403,0.010228074,0.399952974,0.002939102,0.012226664,0.065012932,0.180343287,0.002116153
0.062926778,0.002731379,0.255699128,0.012606366,0.157159365,0.021640929,0.320096649,0.004307175,0.001890955,0.033301817,0.124382813,0.003256645
0.00996474,0.00122643,0.460064388,0.001839644,0.108079105,0.000919822,0.19668864,0.000459911,0.004752415,0.050896827,0.164494864,0.000613215
0.056417058,0.029891859,0.141603754,0.01183432,0.129055295,0.022750459,0.414201183,0.00020404,0.027239339,0.0096919,0.150989594,0.0061212
0.028080075,0.025124278,0.329974473,0.020824936,0.081150074,0.029692328,0.276232702,0.004702405,0.019347037,0.047830176,0.127502351,0.009539164
0.171703008,0.012129286,0.050059595,0.027764145,0.040734768,0.037229194,0.21832714,0.00616981,0.03274206,0.175629251,0.212507888,0.015003856
0.065322486,0.03784931,0.28157057,0.041386629,0.051644853,0.049404551,0.231458554,0.015446292,0.023582125,0.048107534,0.128758401,0.025468695
0.004641044,0.002900653,0.367077592,0.010152284,0.035678028,0.012037708,0.510659898,0.000290065,0.001015228,0.002030457,0.030891951,0.022625091
0.093023256,0.037678891,0.152504472,0.037119857,0.100626118,0.049194991,0.301431127,0.010621646,0.027169052,0.0394678,0.137857782,0.013305009
0.022298964,0.003453379,0.367044894,0.021312284,0.049531327,0.027528367,0.422594968,0.000197336,0.002072028,0.005229403,0.077355698,0.001381352
0.043528174,0.015402277,0.26279537,0.046972161,0.041614847,0.035396537,0.309480532,0.011958289,0.033483211,0.053668803,0.134315508,0.011384292
0.023563675,0.015753243,0.225311093,0.020783691,0.039316918,0.043685465,0.340614244,0.002515224,0.023298914,0.008339952,0.247948107,0.008869473
0.037293882,0.003390353,0.342887964,0.016489444,0.08491293,0.010479273,0.242256126,0.000616428,0.004931422,0.084604716,0.168438897,0.003698567
0.109874648,0.018035303,0.193783576,0.020977232,0.021233052,0.058710668,0.259657201,0.013430545,0.009721156,0.057815298,0.226912254,0.009849066
0.059591313,0.00759602,0.175671338,0.037659142,0.025355729,0.023964909,0.313576549,0.004814379,0.028030384,0.041831604,0.278806034,0.0031026
0.024646226,0.020754717,0.2,0.051886792,0.17004717,0.037146226,0.136910377,0.001179245,0.015566038,0.015801887,0.317334906,0.008726415
0.055001109,0.007429585,0.335772899,0.086604569,0.070858283,0.019516523,0.194499889,0.000332668,0.013195831,0.083277889,0.117653582,0.015857175
0.065828783,0.01586484,0.293808592,0.111878026,0.107345215,0.013392397,0.13938395,0.009065623,0.011125992,0.050272999,0.173998146,0.008035438
0.019865494,0.001241593,0.436316606,0.01065701,0.070150026,0.014899121,0.242834972,0.001345059,0.003828246,0.033729953,0.158510088,0.006621831
0.034326425,0.01392487,0.315252591,0.006962435,0.01619171,0.020887306,0.507124352,0.002590674,0.006962435,0.003724093,0.058775907,0.013277202
0.018846301,0.016426843,0.329173564,0.033363046,0.023685216,0.028269451,0.34292627,0.011078569,0.023812556,0.026232013,0.139819177,0.006366994
0.045679839,0.005090422,0.351239116,0.01406564,0.040723376,0.021567314,0.369189551,0.010582719,0.031212324,0.013797723,0.094842599,0.002009377
0.099689012,0.003109883,0.229872149,0.014771942,0.087422253,0.008638563,0.294920525,0.001209399,0.000950242,0.093642018,0.163527989,0.002246026
0.053625706,0.009769865,0.144159792,0.113656101,0.259552757,0.034194529,0.186495875,0.009444203,0.029635258,0.020733825,0.13395571,0.004776379
0.023935558,0.001495972,0.307364787,0.093095512,0.037974684,0.05132336,0.364787112,0.045914845,0.023705409,0.015995397,0.030840046,0.003567319
0.068139603,0.06325154,0.411672695,0.078600059,0.061491837,0.02004106,0.096197087,0.016326132,0.047218692,0.044285854,0.07253886,0.020236582
0.02705418,0.002511661,0.369644779,0.019806243,0.045640474,0.038177252,0.276569788,0.00165052,0.018012199,0.03566559,0.147613922,0.017653391
0.070604754,0.007220941,0.259853575,0.042623608,0.071407081,0.045933206,0.420419216,0.000100291,0.015143917,0.01905526,0.020459332,0.027178819
0.037790698,0.017598994,0.154698303,0.017127593,0.086030798,0.017520427,0.337680704,0.029619736,0.002514142,0.000549969,0.298240101,0.000628536
0.034020074,0.044585314,0.24881141,0.058425779,0.03560486,0.129741152,0.260010565,0.003169572,0.026096144,0.080929741,0.07120972,0.007395668
0.010957096,0.009108911,0.752607261,0.029306931,0.015577558,0.008712871,0.089108911,0.011221122,0.03009901,0.021518152,0.01650165,0.005280528
0.09120457,0.009159854,0.098197577,0.194720772,0.070619521,0.100167438,0.117502216,0.013493549,0.074657737,0.129419876,0.092681966,0.008174924
0.098987292,0.041799047,0.239475774,0.019658459,0.033061954,0.042891183,0.296167593,0.001985703,0.007247816,0.065131056,0.128177125,0.025416998
0.012866016,0.001109139,0.325976043,0.0222937,0.10215173,0.055789707,0.346938776,0.019299024,0.031499556,0.023070098,0.056344277,0.002661934
0.023230088,0.016715831,0.479842675,0.023107178,0.053834808,0.025073746,0.141101278,0.027531957,0.023230088,0.039577188,0.130653884,0.016101278
0.046981561,0.071566894,0.231287362,0.009177402,0.088995538,0.013892397,0.323903343,0.010524543,0.009766776,0.021385872,0.150964048,0.021554265
0.033969119,0.008900999,0.47520436,0.035785649,0.054223433,0.011989101,0.195186194,0.009173479,0.015894641,0.017257039,0.125340599,0.017075386
0.026284702,0.006989565,0.537408939,0.023134475,0.06605631,0.031699153,0.243059657,0.006398897,0.013782241,0.005414452,0.028844261,0.010927348
0.049562945,0.090114445,0.217896729,0.00567721,0.09993692,0.013697396,0.302514193,0.010723619,0.005226638,0.025502388,0.157610165,0.021537352
0.015344434,0.022200457,0.364131026,0.01697682,0.041789096,0.060289477,0.368592883,0.006311895,0.025682882,0.028185874,0.047121558,0.003373599
0.038158625,0.019079312,0.425513034,0.00854132,0.071658347,0.02384914,0.306267332,0.001996672,0.002107598,0.005546312,0.093510815,0.003771492
0.030366767,0.00552123,0.373471802,0.053766268,0.028920731,0.070461417,0.300644144,0.004995399,0.016695149,0.052451689,0.054029184,0.008676219
0.019972918,0.001241255,0.209884902,0.035545024,0.081809975,0.030692846,0.496163394,0.006657639,0.018393139,0.004965019,0.082599865,0.012074024
0.071787429,0.008596628,0.219939712,0.041085185,0.064083957,0.017416546,0.468683711,0.009043206,0.028469354,0.00468907,0.027129619,0.039075583
0.021339307,0.01367602,0.250766329,0.04928083,0.150907805,0.107993398,0.158217402,0.005305353,0.015916058,0.063192643,0.156802641,0.006602216
0.034390353,0.015185351,0.171281822,0.044997767,0.072800357,0.008597588,0.373715945,0.002679768,0.021326485,0.01596695,0.236377847,0.002679768
0.038415998,0.008551506,0.300486778,0.049598737,0.135640047,0.008419945,0.251414288,0.030127615,0.017760821,0.070911722,0.071701092,0.016971451
0.030993619,0.016408387,0.402751305,0.029667689,0.058009447,0.029584818,0.15173614,0.029253336,0.032816773,0.059169636,0.126874948,0.032733902
0.081671896,0.140370408,0.119016294,0.052322639,0.153931788,0.075093614,0.033802247,0.037951624,0.078939379,0.034004655,0.135310191,0.057585265
0.054948196,0.092247231,0.140478742,0.067667024,0.098535191,0.055877099,0.212861736,0.02550911,0.052090032,0.067095391,0.085673455,0.047016792
0.063473367,0.049862583,0.33451119,0.106792305,0.121580945,0.043973302,0.040177987,0.006151027,0.033765214,0.088862714,0.077215024,0.033634341
0.012280702,0.001214575,0.302564103,0.016059379,0.067746289,0.006882591,0.307692308,0.000539811,0.003238866,0.029959514,0.248987854,0.002834008
0.052141527,0.02660282,0.241553605,0.006118649,0.034583666,0.038308061,0.465017292,0.001862197,0.003990423,0.012769354,0.089651503,0.027400904
0.021821165,0.030188679,0.359967186,0.026743232,0.114848236,0.030188679,0.158654635,0.011156686,0.017883511,0.043806399,0.142411813,0.042329779
0.146773074,0.015787647,0.213219986,0.087439278,0.16204025,0.039382373,0.112248439,0.004857738,0.038167939,0.068181818,0.070610687,0.04129077
0.029060716,0.006875973,0.204981837,0.083679294,0.065516347,0.049818371,0.23469123,0.007135444,0.020498184,0.076673586,0.198235599,0.02283342
0.087623691,0.022372006,0.259429227,0.025813853,0.098092643,0.050623835,0.191739567,0.016348774,0.045891295,0.052488169,0.128352216,0.021224724
0.089556429,0.001965188,0.142710088,0.091615197,0.059985027,0.044731424,0.313962194,0.000280741,0.008422235,0.059423545,0.185008422,0.00233951
0.045469152,0.006587404,0.398457584,0.022011568,0.068605398,0.003695373,0.186696658,0.007390746,0.021368895,0.083547558,0.148939589,0.007230077
0.010933169,0.000461965,0.122728673,0.000307977,0.028333847,0.007083462,0.47921158,0.000153988,0,0.005543579,0.345087773,0.000153988
0.011082038,0.008619363,0.173926428,0.02139449,0.083115284,0.010312452,0.474526705,0.052485763,0.028474681,0.093427736,0.009388949,0.033246114
0.076320771,0.018585441,0.294699707,0.054379625,0.045172948,0.069953536,0.289106866,0.016176218,0.039063844,0.027706075,0.045947341,0.022887627
0.081765557,0.048842258,0.248914616,0.027315485,0.0427822,0.041696816,0.309153401,0.010853835,0.043596237,0.043143994,0.073625181,0.02831042
0.067835616,0.01830137,0.251616438,0.026520548,0.062575342,0.043506849,0.361424658,0.004273973,0.023232877,0.025753425,0.103890411,0.011068493
0.050342537,0.01951422,0.31741748,0.031347312,0.045567781,0.040377829,0.224205937,0.032696699,0.031347312,0.017749637,0.171164625,0.018268632
0.045957188,0.00273917,0.332758446,0.023739474,0.070001015,0.063508167,0.346048493,0.003652227,0.016130669,0.027493152,0.057218221,0.010753779
0.035135441,0.004760286,0.269976199,0.047376176,0.114586875,0.048169557,0.30533832,0.014847558,0.026181571,0.0172277,0.112433413,0.003966905
0.067835616,0.01830137,0.251616438,0.026520548,0.062575342,0.043506849,0.361424658,0.004273973,0.023232877,0.025753425,0.103890411,0.011068493
0.050342537,0.01951422,0.31741748,0.031347312,0.045567781,0.040377829,0.224205937,0.032696699,0.031347312,0.017749637,0.171164625,0.018268632
0.045957188,0.00273917,0.332758446,0.023739474,0.070001015,0.063508167,0.346048493,0.003652227,0.016130669,0.027493152,0.057218221,0.010753779
0.035135441,0.004760286,0.269976199,0.047376176,0.114586875,0.048169557,0.30533832,0.014847558,0.026181571,0.0172277,0.112433413,0.003966905
0.023891175,0.004686786,0.317558299,0.016918153,0.036694102,0.037151349,0.416780979,0.009373571,0.010973937,0.016346594,0.103909465,0.005715592
0.096046568,0.01188455,0.293839437,0.01455251,0.118360417,0.031287897,0.075915595,0.003516857,0.00921659,0.276376425,0.06196944,0.007033713
0.027078536,0.005399825,0.601365838,0.009608513,0.015881839,0.009052648,0.181132375,0.00198523,0.004685143,0.021519892,0.118081474,0.004208687
0.020211742,0.010707411,0.486525505,0.023580366,0.044634264,0.029956689,0.236766121,0.004692012,0.012752647,0.018647738,0.101900866,0.009624639
0.060117459,0.035024026,0.266737854,0.036412173,0.100694074,0.086599039,0.226801922,0.011211959,0.033315537,0.021249333,0.107207688,0.014628938
0.0105037,0.002745285,0.584507042,0.017068513,0.060873717,0.037240392,0.170804488,0.003103366,0.018023395,0.050250656,0.040582478,0.004296968
0.049412059,0.009757318,0.383912935,0.039779835,0.103952965,0.041656242,0.191518639,0.012259194,0.050162622,0.021641231,0.085689267,0.010257693
0.015110894,0.007555447,0.51486717,0.025712893,0.034974409,0.028881306,0.218376797,0.007677309,0.013526688,0.038995857,0.089324884,0.004996344
0.011467624,0.012162632,0.176184409,0.014479324,0.080852543,0.019228542,0.627475964,0.001158346,0.007645083,0.010425113,0.031854512,0.00706591
0.043498012,0.011243612,0.254741624,0.009426462,0.041794435,0.019534355,0.378648495,0.002385009,0.002725724,0.031345826,0.191595684,0.013060761
0.027903887,0.006975972,0.519765253,0.016941645,0.019599158,0.020374266,0.225224228,0.004761377,0.020484996,0.04949618,0.06067988,0.027793157
0.038837058,0.006725971,0.185289651,0.037860707,0.03221957,0.018442178,0.554458668,0.002169668,0.023323931,0.013451942,0.079626817,0.007593838
0.058556121,0.013313129,0.149475051,0.034311073,0.04903128,0.005844788,0.374282931,0.002597684,0.025110943,0.065591514,0.180755493,0.041129992
0.004223979,0.011263945,0.140907614,0.010180873,0.023177732,0.008881187,0.578035308,0.001191379,0.002707679,0.026426947,0.188237843,0.004765515
0.03973264,0.01287288,0.226265627,0.047406857,0.155959896,0.063869291,0.320212898,0.00482733,0.021413541,0.023022651,0.071791063,0.012625325
0.030738473,0.012370361,0.231288267,0.04335874,0.160314882,0.055979008,0.356241409,0.002998875,0.016743721,0.019992503,0.056978633,0.012995127
0.016700067,0.021242485,0.300200401,0.017368069,0.0499666,0.018436874,0.409619238,0.003607214,0.009352037,0.041950568,0.10260521,0.008951236
0.028339605,0.010465663,0.152634055,0.042450611,0.173800564,0.027398871,0.332784572,0.006585136,0.01164158,0.025634995,0.177916275,0.010348071
0.01098382,0.01606236,0.614857683,0.051612141,0.058934688,0.020668478,0.099208693,0.000826739,0.00803118,0.084917917,0.021731428,0.012164875
0.069673031,0.011520737,0.384792627,0.01009436,0.065174457,0.010533246,0.309633531,0.00921659,0.016677639,0.01678736,0.089971472,0.005924951
0.035652603,0.018134715,0.575129534,0.008265482,0.015173945,0.036639526,0.208857636,0.002467308,0.002097212,0.019491735,0.072785591,0.005304713
0.075102586,0.019562935,0.321213856,0.023857238,0.081210039,0.059833954,0.218723161,0.014696059,0.022616662,0.036740147,0.120622197,0.005821166
0.017831109,0.002467197,0.243243243,0.095211394,0.032410003,0.029942806,0.350005607,0.002803634,0.04283952,0.061007065,0.107323091,0.01491533
0.026369927,0.003740415,0.298859173,0.011782308,0.090892089,0.004769029,0.075743408,0.004488498,0.033476716,0.076678511,0.366560688,0.006639237
0.041630695,0.010167866,0.33294964,0.016019185,0.181966427,0.012757794,0.137266187,0.038369305,0.040479616,0.078273381,0.091798561,0.018321343
0.054122622,0.01141649,0.265010571,0.001691332,0.026744186,0.001902748,0.496934461,0.009725159,0.019238901,0.011099366,0.093551797,0.008562368
0.023666093,0.002796902,0.131346816,0.008820998,0.105744406,0.008498279,0.576914802,0.00408778,0.011402754,0.034530981,0.085628227,0.006561962
0.004210157,0.001315674,0.330585036,0.006052101,0.053942637,0.002280502,0.325497763,0.016051224,0.001491097,0.012279625,0.24603105,0.000263135
0.025662328,0.017539001,0.132834856,0.009877227,0.02953937,0.005354011,0.303147789,0.02086218,0.020400628,0.017077449,0.416782055,0.000923105
0.013994911,0.00391466,0.188490898,0.004991192,0.024858094,0.012429047,0.336758661,0.000880799,0.003327461,0.005480525,0.400078293,0.004795459
